4.343700000000000000e+04
4.604664514143655833e+04
4.780535503058624454e+04
4.889738104391077650e+04
4.946866757699950540e+04
4.963477553421184712e+04
4.948716799733189691e+04
4.909819658903750678e+04
4.852505708105166559e+04
4.781292729175384011e+04
4.699745628495998972e+04
4.610673894944743370e+04
4.516288232658736524e+04
4.418324806891021581e+04
4.318143797174844076e+04
4.216807568413389527e+04
4.115142672883628984e+04
4.013789025376527570e+04
3.913238902903201961e+04
3.813867872380041081e+04
3.715959314955667651e+04
3.619723870748651098e+04
3.525314854155151988e+04
3.432840472826921905e+04
3.342373511224098911e+04
3.253959003041575852e+04
3.167620308436479900e+04
3.083363926011805233e+04
3.001183301308097361e+04
2.921061839448584578e+04
2.842975286659787162e+04
2.766893611338000119e+04
2.692782488318495234e+04
2.620604468574173370e+04
2.550319899569695190e+04
2.481887648010341218e+04
2.415265666025718383e+04
2.350411433340787335e+04
2.287282301253441619e+04
2.225835758896404877e+04
2.166029638023898951e+04
2.107822269202112511e+04
2.051172599615976651e+04
1.996040280589466420e+04
1.942385731238689914e+04
1.890170183345981786e+04
1.839355711487400185e+04
1.789905251608539766e+04
1.741782610579286120e+04
1.694952468731261979e+04
1.649380376963825256e+04
1.605032749673078251e+04
1.561876854495523730e+04
1.519880799649603796e+04
1.479013519493122840e+04
1.439244758783562065e+04
1.400545056024455516e+04
1.362885726198719203e+04
1.326238843124618325e+04
1.290577221618427211e+04
1.255874399606938823e+04
1.222104620300625356e+04
1.189242814512648874e+04
1.157264583188689721e+04
1.126146180196573550e+04
1.095864495412071483e+04
1.066397038127306405e+04
1.037721920800384578e+04
1.009817843158726282e+04
9.826640766637670822e+03
9.562404493409401766e+03
9.305273309759330004e+03
9.055056186759507909e+03
8.811567227929790533e+03
8.574625532047159140e+03
8.344055059478414478e+03
8.119684501975556486e+03
7.901347155867716538e+03
7.688880798579750262e+03
7.482127568405058810e+03
7.280933847458630225e+03
7.085150147735521386e+03
6.894631000199782648e+03
6.709234846829099297e+03
6.528823935541063292e+03
6.353264217927837308e+03
6.182425249727105438e+03
6.016180093958423640e+03
5.854405226655447223e+03
5.696980445125949700e+03
5.543788778673009801e+03
5.394716401712287734e+03
5.249652549221815207e+03
5.108489434462273493e+03
4.971122168907266314e+03
4.837448684324591341e+03
4.707369656951042998e+03
4.580788433704724412e+03
4.457610960380308825e+03
4.337745711774137817e+03
4.221103623687381514e+03
4.107598026756912986e+03
3.997144582064827318e+03
3.889661218478874162e+03
3.785068071677324951e+03
3.683287424813030611e+03
3.584243650772647015e+03
3.487863155988169183e+03
3.394074325759067506e+03
3.302807471044435260e+03
3.213994776685639863e+03
3.127570251021041258e+03
3.043469676855350372e+03
2.961630563747230553e+03
2.881992101579701739e+03
2.804495115378866558e+03
2.729082021347405316e+03
2.655696784080179896e+03
2.584284874930175647e+03
2.514793231493853000e+03
2.447170218185817248e+03
2.381365587873521690e+03
2.317330444543506474e+03
2.255017206971444466e+03
2.194379573369000809e+03
2.135372486981253132e+03
2.077952102609110170e+03
2.022075754031867746e+03
1.967701922305691369e+03
1.914790204914488186e+03
1.863301285750242414e+03
1.813196905900517095e+03
1.764439835221422072e+03
1.716993844674927459e+03
1.670823679409975057e+03
1.625895032567389308e+03
1.582174519789125725e+03
1.539629654412922264e+03
1.498228823333925448e+03
1.457941263515356241e+03
1.418737039130768380e+03
1.380587019320914351e+03
1.343462856548698255e+03
1.307336965536130947e+03
1.272182502767642063e+03
1.237973346544518790e+03
1.204684077575655465e+03
1.172289960090193290e+03
1.140766923458016663e+03
1.110091544304453237e+03
1.080241029105888401e+03
1.051193197253364133e+03
1.022926464571578890e+03
9.954198272810451726e+02
9.686528463914870599e+02
9.426056325148839505e+02
9.172588310868777626e+02
8.925936079855614480e+02
8.685916355369669191e+02
8.452350788968516326e+02
8.225065827986684326e+02
8.003892586578710961e+02
7.788666720229753082e+02
7.579228303640512650e+02
7.375421711895735370e+02
7.177095504828017738e+02
6.984102314490980916e+02
6.796298735658222085e+02
6.613545219266677577e+02
6.435705968725221737e+02
6.262648839011475275e+02
6.094245238481834122e+02
5.930370033321776191e+02
5.770901454565444055e+02
5.615721007615424014e+02
5.464713384195498520e+02
5.317766376670936097e+02
5.174770794672675720e+02
5.035620383963449740e+02
4.900211747485560636e+02
4.768444268531647481e+02
4.640220035981363367e+02
4.515443771548409586e+02
4.394022758983867334e+02
4.275866775183231994e+02
4.160888023145950001e+02
4.049001066737656060e+02
3.940122767206631806e+02
3.834172221407318943e+02
3.731070701684982964e+02
3.630741597376862160e+02
3.533110357886337169e+02
3.438104437287821042e+02
3.345653240421207215e+02
3.255688070435832628e+02
3.168142077744965945e+02
3.082950210352901195e+02
3.000049165517747269e+02
2.919377342713994494e+02
2.840874797859911496e+02
