4.769000000000000000e+03
6.257847162871371438e+03
7.836142555706343046e+03
9.474719511005903769e+03
1.115072676378733377e+04
1.284631544102201224e+04
1.454759763670469511e+04
1.624382043458131011e+04
1.792671084353425977e+04
1.958995631544289063e+04
2.122879281766226268e+04
2.283967822531090496e+04
2.442003339427136962e+04
2.596803692165662142e+04
2.748246249280193661e+04
2.896255000835190003e+04
3.040790350528005001e+04
3.181841032972319954e+04
3.319417716509306774e+04
3.453547942773213435e+04
3.584272126334677159e+04
3.711640394940179249e+04
3.835710096239576524e+04
3.956543832888912584e+04
4.074207916471074714e+04
4.188771153330029483e+04
4.300303893385240372e+04
4.408877287249213259e+04
4.514562708280652441e+04
4.617431305177525792e+04
4.717553657831596502e+04
4.814999514811978588e+04
4.909837595324157155e+04
5.002135442043836520e+04
5.091959314043392078e+04
5.179374111264396197e+04
5.264443323763088847e+04
5.347229000362371153e+04
5.427791732459658670e+04
5.506190649624911748e+04
5.582483424325064698e+04
5.656726283667726238e+04
5.728974026498461899e+04
5.799280044536027708e+04
5.867696346507448470e+04
5.934273584464871237e+04
5.999061081640521297e+04
6.062106861334313726e+04
6.123457676438163617e+04
6.183159039287800260e+04
6.241255251601550117e+04
6.297789434319931024e+04
6.352803557202874072e+04
6.406338468075404671e+04
6.458433921639439359e+04
6.509128607790548995e+04
6.558460179395227169e+04
6.606465279497341544e+04
6.653179567932750797e+04
6.698637747339153429e+04
6.742873588554546586e+04
6.785919955402569030e+04
6.827808828866817930e+04
6.868571330659122032e+04
6.908237746189016616e+04
6.946837546943307098e+04
6.984399412285888684e+04
7.020951250688869914e+04
7.056520220406692533e+04
7.091132749605388381e+04
7.124814555959336576e+04
7.157590665728061867e+04
7.189485432325612055e+04
7.220522554395040788e+04
7.250725093400389596e+04
7.280115490748440789e+04
7.308715584452303301e+04
7.336546625348720409e+04
7.363629292880721914e+04
7.389983710457030975e+04
7.415629460399388336e+04
7.440585598488674441e+04
7.464870668120494520e+04
7.488502714080603619e+04
7.511499295950298256e+04
7.533877501151664183e+04
7.555653957642291789e+04
7.576844846268855326e+04
7.597465912788672722e+04
7.617532479568159033e+04
7.637059456966827565e+04
7.656061354415283131e+04
7.674552291195413272e+04
7.692546006930775184e+04
7.710055871794963605e+04
7.727094896445525228e+04
7.743675741690806171e+04
7.759810727896893513e+04
7.775511844141650363e+04
7.790790757122627110e+04
7.805658819825467071e+04
7.820127079959254479e+04
7.834206288165053411e+04
7.847906906003748009e+04
7.861239113729105156e+04
7.874212817851838190e+04
7.886837658500300313e+04
7.899123016583254503e+04
7.911078020760054642e+04
7.922711554223416897e+04
7.934032261299814854e+04
7.945048553872395132e+04
7.955768617631203961e+04
7.966200418155344960e+04
7.976351706831608317e+04
7.986230026613947120e+04
7.995842717628102400e+04
8.005196922625515435e+04
8.014299592290603323e+04
8.023157490405323915e+04
8.031777198874871829e+04
8.040165122618245368e+04
8.048327494327306340e+04
8.056270379097880505e+04
8.063999678936325654e+04
8.071521137144934619e+04
8.078840342589406646e+04
8.085962733851584198e+04
8.092893603270515450e+04
8.099638100874864904e+04
8.106201238209581061e+04
8.112587892059671867e+04
8.118802808073846973e+04
8.124850604290727642e+04
8.130735774570240756e+04
8.136462691932737653e+04
8.142035611808337853e+04
8.147458675198892888e+04
8.152735911754929111e+04
8.157871242769854143e+04
8.162868484093651932e+04
8.167731348968230304e+04
8.172463450786525209e+04
8.177068305777420755e+04
8.181549335618467012e+04
8.185909869978345523e+04
8.190153148990968475e+04
8.194282325663056690e+04
8.198300468216968875e+04
8.202210562370542902e+04
8.206015513555626967e+04
8.209718149076960981e+04
8.213321220212997287e+04
8.216827404260245385e+04
8.220239306522632251e+04
8.223559462247377087e+04
8.226790338508805144e+04
8.229934336041513598e+04
8.232993791024238453e+04
8.235970976815759786e+04
8.238868105644120078e+04
8.241687330250430387e+04
8.244430745488466346e+04
8.247100389881257433e+04
8.249698247135816200e+04
8.252226247617142508e+04
8.254686269782582531e+04
8.257080141577626637e+04
8.259409641794172057e+04
8.261676501392263162e+04
8.263882404786284314e+04
8.266028991096577374e+04
8.268117855367396260e+04
8.270150549752112420e+04
8.272128584666548704e+04
8.274053429911308922e+04
8.275926515763915086e+04
8.277749234041586169e+04
8.279522939135436900e+04
8.281248949016864935e+04
8.282928546216881659e+04
8.284562978779101104e+04
8.286153461187110224e+04
8.287701175266898645e+04
8.289207271065021632e+04
8.290672867703152588e+04
8.292099054209653696e+04
8.293486890328786103e+04
8.294837407308163529e+04
8.296151608665025560e+04
8.297430470931912714e+04
8.298674944382283138e+04
8.299885953736623924e+04
8.301064398849572171e+04
8.302211155378556577e+04
8.303327075434467406e+04
8.304412988214821962e+04
8.305469700619904324e+04
8.306497997852346452e+04
8.307498644000572676e+04
