1.000000000000000000e+00
1.162563943248120069e+00
1.476848559250258930e+00
1.959160859396112286e+00
2.649384424598324017e+00
3.612057705435616217e+00
4.941213062954774138e+00
6.768900963145181748e+00
9.277940112559772246e+00
1.271999727071644593e+01
1.744071373864398922e+01
2.391434721947624098e+01
3.279137825870789413e+01
4.496384658733564521e+01
6.165497114343268947e+01
8.454205026186365046e+01
1.159249816135106812e+02
1.589573201390882389e+02
2.179630640391700354e+02
2.988709487163331460e+02
4.098097891080860791e+02
5.619245039535900332e+02
7.704944607312310154e+02
1.056465837698868654e+03
1.448550696892554924e+03
1.986101268568047090e+03
2.723043701422966933e+03
3.733257964938592522e+03
5.117928341813800216e+03
7.015572771357067722e+03
9.615701898209514184e+03
1.317737366890998965e+04
1.805430839256782201e+04
2.472871557242373092e+04
3.385653876158405183e+04
4.632738108303265471e+04
6.334276759155951731e+04
8.651628404562234937e+04
1.179978332136911631e+05
1.606205626975667547e+05
2.180609410258966964e+05
2.949870233295575599e+05
3.971435611451594159e+05
5.312829311798850540e+05
7.048020994989548344e+05
9.249097033443122637e+05
1.197178330716957804e+06
1.523527005331177963e+06
1.900106900239013601e+06
2.316135735609057359e+06
2.754965567318182904e+06
3.197840825922334567e+06
3.628865818251135293e+06
4.038303097612072248e+06
4.422476627207403071e+06
4.781385639126815833e+06
5.116382509801920503e+06
5.429034251721279696e+06
5.720831737574100494e+06
5.993165930783428252e+06
6.247335067206540145e+06
6.484550778626139276e+06
6.705943882027052343e+06
6.912569766477013938e+06
7.105413425523927435e+06
7.285394152155410498e+06
7.453369921356791630e+06
7.610141479978973046e+06
7.756456164003431797e+06
7.893011461075928994e+06
8.020458335485969670e+06
8.139404331318144687e+06
8.250416468652328476e+06
8.354023946559049189e+06
8.450720665820028633e+06
8.540967583365108818e+06
8.625194909677132964e+06
8.703804159616773948e+06
8.777170066463390365e+06
8.845642368278959766e+06
8.909547475126205012e+06
8.969190025074478239e+06
9.024854336424114183e+06
9.076805763059558347e+06
9.125291959404343739e+06
9.170544060996212065e+06
9.212777786321926862e+06
9.252194465152515098e+06
9.288981998292975128e+06
9.323315753309389576e+06
9.355359400516070426e+06
9.385265693194683641e+06
9.413177195778628811e+06
9.439226963459165767e+06
9.463539176468800753e+06
9.486229732048578560e+06
9.507406796939622611e+06
9.527171323012638837e+06
9.545617528515312821e+06
9.562833347207650542e+06
9.578900847552891821e+06
9.593896623932817951e+06
9.607892161785207689e+06
9.620954178367400542e+06
9.633144940811494365e+06
9.644522562941165641e+06
9.655141282317120582e+06
9.665051718773014843e+06
9.674301115740962327e+06
9.682933565441323444e+06
9.690990219096450135e+06
9.698509483072187752e+06
9.705527201994452626e+06
9.712076829585265368e+06
9.718189588180003688e+06
9.723894617517074570e+06
9.729219113703846931e+06
9.734188458797339350e+06
9.738826341875517741e+06
9.743154871878473088e+06
9.747194683101495728e+06
9.750965033445073292e+06
9.754483896350618452e+06
9.757768046326855198e+06
9.760833139092832804e+06
9.763693786002354696e+06
9.766363623937282711e+06
9.768855380035623908e+06
9.771180932687269524e+06
9.773351367780575529e+06
9.775377031989445910e+06
9.777267581583585590e+06
9.779032029057733715e+06
9.780678785398179665e+06
9.782215700990296900e+06
9.783650102094389498e+06
9.784988826875556260e+06
9.786238256711354479e+06
9.787404348118348047e+06
9.788492659387940541e+06
9.789508379137841985e+06
9.790456348645472899e+06
9.791341087732380256e+06
9.792166813030660152e+06
9.792937461918158457e+06
9.793656706804562360e+06
9.794327977881396189e+06
9.794954473340725526e+06
9.795539181795841083e+06
9.796084888133665547e+06
9.796594196613017470e+06
9.797069531784141436e+06
9.797513163500374183e+06
9.797927201990891248e+06
9.798313626354824752e+06
9.798674272413993254e+06
9.799010866732498631e+06
9.799325005260771140e+06
9.799618195588935167e+06
9.799891823561618105e+06
9.800147207399496809e+06
9.800385548333477229e+06
9.800608001511640847e+06
9.800815605158351362e+06
9.801009374955233186e+06
9.801190204120162874e+06
9.801358990392303094e+06
9.801516496534537524e+06
9.801663522413255647e+06
9.801800711462818086e+06
9.801928784973401576e+06
9.802048274615369737e+06
9.802159842403953895e+06
9.802263911912621930e+06
9.802361106118617579e+06
9.802451739678844810e+06
9.802536418864376843e+06
9.802615343187646940e+06
9.802689128128312528e+06
9.802757845054784790e+06
9.802822150106435642e+06
9.802881964778507128e+06
9.802938025462126359e+06
9.802990070556728169e+06
9.803038967947367579e+06
9.803084224359981716e+06
9.803126906826965511e+06
9.803166221106642857e+06
9.803203523932164535e+06
9.803237622668998316e+06
9.803270286073623225e+06
9.803299787332845852e+06
9.803328473463637754e+06
9.803353895236657932e+06
9.803379204732900485e+06
9.803400970225870609e+06
9.803423459078043699e+06
9.803441898470846936e+06
9.803462096043385565e+06
9.803477444109451026e+06
