2.762000000000000000e+03
4.623899999999999636e+03
6.436884647252964896e+03
8.233176658286409292e+03
1.004259993597458015e+04
1.189321389516484305e+04
1.381187741222600016e+04
1.582475600295076583e+04
1.795778401372085136e+04
2.023709209679481864e+04
2.268940898701965489e+04
2.534244556619249852e+04
2.822526836059291963e+04
3.136866893970491219e+04
3.480553514683873800e+04
3.857122967569081811e+04
4.270398119414607208e+04
4.724529299345790787e+04
5.224037399481637112e+04
5.773859686513695488e+04
6.379398796959779429e+04
7.046575391058858077e+04
7.781884946214452793e+04
8.592459179634401517e+04
9.486132600375982292e+04
1.047151470231525309e+05
1.155806832040690060e+05
1.275619468158459931e+05
1.407732568712375069e+05
1.553402396328873001e+05
1.714009120927254262e+05
1.891068535300009535e+05
2.086244699294377351e+05
2.301363555367180670e+05
2.538427550963046087e+05
2.799631292998115532e+05
3.087378246049865847e+05
3.404298467878357042e+05
3.753267352730692364e+05
4.137425323470182484e+05
4.560198376746224239e+05
5.025319339860592736e+05
5.536849642237994121e+05
6.099201336906543002e+05
6.717159026493411511e+05
7.395901252279781038e+05
8.141020792245765915e+05
8.958543183376351371e+05
9.854942633773051202e+05
1.083715432090894086e+06
1.191258188417127123e+06
1.308909871443756390e+06
1.437504142435761169e+06
1.577919365608548047e+06
1.731075815714565804e+06
1.897931484220624669e+06
2.079476237525765318e+06
2.276724067431947216e+06
2.490703168573207688e+06
2.722443582892292179e+06
2.972962171153632458e+06
3.243244709866136312e+06
3.534224972942495253e+06
3.846760744795874692e+06
4.181606828505650163e+06
4.539385260966931470e+06
4.920553126288226806e+06
5.325368565944152884e+06
5.753855812484272756e+06
6.205770311816481873e+06
6.680565231519754976e+06
7.177360859249790199e+06
7.694918552624306642e+06
8.231620984894286841e+06
8.785460415023423731e+06
9.354036576481895521e+06
9.934565513839991763e+06
1.052390029899196327e+07
1.111856404209984094e+07
1.171479500337319635e+07
1.230860295154353231e+07
1.289583525474719517e+07
1.347225058605005406e+07
1.403359763406700455e+07
1.457569587554064952e+07
1.509451532310213521e+07
1.558625222052253969e+07
1.604739791184938699e+07
1.647479853310442530e+07
1.686570372385762259e+07
1.721780317997865751e+07
1.752925051460944116e+07
1.779867451194396615e+07
1.802517840637189895e+07
1.820832826828334108e+07
1.834813191057791188e+07
1.844500994221885502e+07
1.849976069298826903e+07
1.851352073065567389e+07
1.848772260663806275e+07
1.842405131959202886e+07
1.832440079877276719e+07
1.819083149913965911e+07
1.802552998393909261e+07
1.783077116035299376e+07
1.760888363885825872e+07
1.736221851314059272e+07
1.709312170798343420e+07
1.680390991857292876e+07
1.649685006555348262e+07
1.617414211423040926e+07
1.583790505113332905e+07
1.549016577394893579e+07
1.513285062872546725e+07
1.476777931844846904e+07
1.439666090700004436e+07
1.402109164983228780e+07
1.364255439541133493e+07
1.326241931793899089e+07
1.288194576065341942e+07
1.250228498904441297e+07
1.212448367373181880e+07
1.174948794289786182e+07
1.137814786356166936e+07
1.101122222930882685e+07
1.064938354912851378e+07
1.029322314764560200e+07
9.943256301215993240e+06
9.599927347083715722e+06
9.263614714120302349e+06
8.934635833649093285e+06
8.613251897585647181e+06
8.299672438696619123e+06
7.994059714294238016e+06
7.696532880243614316e+06
7.407171946864729747e+06
7.126021512255189009e+06
6.853094271832842380e+06
6.588374305582033470e+06
6.331820146659339778e+06
6.083367636743171141e+06
5.842932574858530425e+06
5.610413167429018766e+06
5.385692288052102551e+06
5.168639556004148908e+06
4.959113242796974257e+06
4.756962016260952689e+06
4.562026531650000252e+06
4.374140879176024348e+06
4.193133897206244525e+06
4.018830360114510171e+06
3.851052049483065493e+06
3.689618717017413583e+06
3.534348947175167035e+06
3.385060927129350137e+06
3.241573131295337807e+06
3.103704927254788578e+06
2.971277109514803160e+06
2.844112367150248960e+06
2.722035690995097160e+06
2.604874725677269977e+06
2.492460071432899684e+06
2.384625540291456971e+06
2.281208370893978048e+06
2.182049405893204268e+06
2.086993235587232048e+06
1.995888311157353921e+06
1.908587030616037780e+06
1.824945800322229508e+06
1.744825074687969172e+06
1.668089376482224092e+06
1.594607299934331793e+06
1.524251498649890535e+06
1.456898660175738856e+06
1.392429468887151219e+06
1.330728558718889952e+06
1.271684457121641142e+06
1.215189521495951340e+06
1.161139869236438302e+06
1.109435302409148077e+06
1.059979227983844932e+06
1.012678574450194603e+06
9.674437055616503349e+05
9.241883318728441373e+05
8.828294206649347907e+05
8.432871047881545965e+05
8.054845908913065214e+05
7.693480674537407467e+05
7.348066129859946668e+05
7.017921047204330098e+05
6.702391280725189717e+05
6.400848871164562879e+05
6.112691162855600705e+05
5.837339934775484726e+05
5.574240547177394619e+05
5.322861105086354073e+05
5.082691639723542612e+05
4.853243308726092800e+05
4.634047615852550953e+05
4.424655650706194574e+05
