1.520000000000000000e+02
2.901000000000000227e+02
5.212950000000000728e+02
8.431392323626482721e+02
1.254798065276968828e+03
1.756928062075697881e+03
2.351588756833939897e+03
3.042182627445240087e+03
3.833420427592778651e+03
4.731309628278821037e+03
5.743164233118562152e+03
6.877634682469544714e+03
8.144756960779170186e+03
9.556020378808816531e+03
1.112445382579406214e+04
1.286473058313599904e+04
1.479329206692053958e+04
1.692849112662784319e+04
1.929075577630073894e+04
2.190277447604155896e+04
2.478970431929840561e+04
2.797940371777829569e+04
3.150269141330772618e+04
3.539363388641495112e+04
3.968986347623215261e+04
4.443292977642014739e+04
4.966868712757777394e+04
5.544772128778122715e+04
6.182581862857352826e+04
6.886448147213540506e+04
7.663149345377976715e+04
8.520153905841603409e+04
9.465688173491608177e+04
1.050881052313879773e+05
1.165949230082238792e+05
1.292870607630391023e+05
1.432852172280296800e+05
1.587221084582790209e+05
1.757436007976708061e+05
1.945099375613242737e+05
2.151970641786751803e+05
2.379980560624063073e+05
2.631246527617092943e+05
2.908089009728992824e+05
3.213049076574320206e+05
3.548907027898990782e+05
3.918702090512979776e+05
4.325753130125268362e+05
4.773680289294085815e+05
5.266427420982738258e+05
5.808285137028185418e+05
6.403914231236749329e+05
7.058369166958627757e+05
7.777121238176508341e+05
8.566080920980782248e+05
9.431618828838064801e+05
1.038058457094837679e+06
1.142032268971126061e+06
1.255868472342723515e+06
1.380403630771383876e+06
1.516525809915998485e+06
1.665173918473680038e+06
1.827336153966986807e+06
2.004047402614111546e+06
2.196385439853905234e+06
2.405465781279187649e+06
2.632435044327534270e+06
2.878462700641945470e+06
3.144731128939153161e+06
3.432423919563367032e+06
3.742712435154191218e+06
4.076740696730178781e+06
4.435608739692668431e+06
4.820354667323883623e+06
5.231935716568597592e+06
5.671208737319768406e+06
6.138910566143862903e+06
6.635638841835862026e+06
7.161833856785460375e+06
7.717762058890452608e+06
8.303501809059112333e+06
8.918931956636289135e+06
9.563723719373648986e+06
1.023733624867615104e+07
1.093901613037950173e+07
1.166780092415653355e+07
1.242252669031164050e+07
1.320183930133776739e+07
1.400420919693023711e+07
1.482794912358545884e+07
1.567123430977834016e+07
1.653212446877727285e+07
1.740858699450774491e+07
1.829852072010494396e+07
1.919977964042354003e+07
2.011019605383770540e+07
2.102760264936660230e+07
2.194985314647754654e+07
2.287484118112695962e+07
2.380051721765974164e+07
2.472490334799164534e+07
2.564610591397124529e+07
2.656232595390988514e+07
2.747186752886686847e+07
2.837314402806382254e+07
2.926468258608147129e+07
3.014512676802438498e+07
3.101323769368141517e+07
3.186789377908058837e+07
3.270808927500923350e+07
3.353293177828690782e+07
3.434163888399843127e+07
3.513353413655509800e+07
3.590804242525254190e+07
3.666468495668881387e+07
3.740307392261123657e+07
3.812290696796123683e+07
3.882396155045285076e+07
3.950608927022341639e+07
4.016921023612036556e+07
4.081330752415303886e+07
4.143842177360525727e+07
4.204464595729184896e+07
4.263212035443674028e+07
4.320102774761482328e+07
4.375158885908026248e+07
4.428405803653668612e+07
4.479871919391896576e+07
4.529588200897976756e+07
4.577587837633395195e+07
4.623905911203996837e+07
4.668579090372242033e+07
4.711645349860170484e+07
4.753143712053653598e+07
4.793114010625124723e+07
4.831596675026343018e+07
4.868632534760666639e+07
4.904262642321942747e+07
4.938528113681107014e+07
4.971469985209017247e+07
5.003129085942313820e+07
5.033545924126029760e+07
5.062760587000322342e+07
5.090812652837467194e+07
5.117741114277727902e+07
5.143584312057748437e+07
5.168379878271733224e+07
5.192164688353037834e+07
5.214974821011287719e+07
5.236845525407167524e+07
5.257811194893198460e+07
5.277905346693771333e+07
5.297160606941186637e+07
5.315608700526273996e+07
5.333280445262149721e+07
5.350205749897796661e+07
5.366413615554273129e+07
5.381932140190546960e+07
5.396788525738120824e+07
5.411009087573871762e+07
5.424619266028847545e+07
5.437643639657233655e+07
5.450105940014398098e+07
5.462029067715855688e+07
5.473435109570325911e+07
5.484345356599792093e+07
5.494780322777727991e+07
5.504759764333514869e+07
5.514302699486595392e+07
5.523427428488206863e+07
5.532151553861646354e+07
5.540492000744057447e+07
5.548465037243729085e+07
5.556086294736978412e+07
5.563370788037857413e+07
5.570332935382293165e+07
5.576986578175887465e+07
5.583345000461495668e+07
5.589420948068975657e+07
5.595226647415158153e+07
5.600773823927203566e+07
5.606073720067122579e+07
5.611137112939373404e+07
5.615974331467181444e+07
5.620595273126545548e+07
5.625009420229870081e+07
5.629225855753810704e+07
5.633253278708267212e+07
5.637100019045536220e+07
5.640774052110466361e+07
5.644283012634068727e+07
5.647634208274431527e+07
5.650834632710013539e+07
5.653890978291441500e+07
5.656809648258829117e+07
5.659596768532417715e+07
5.662258199084960669e+07
5.664799544904822111e+07
5.667226166559185088e+07
5.669543190367111564e+07
